829792
829800
829804
829813
829815
829837
829866
829892
829907
829924
829979
830012
830047
830088
830137
830156
830159
830207
830225
830266
830271
830279
830333
830341
830359
830376
830393
830407
830420
830531
830552
830565
830583
830591
830650
830684
830686
830693
832606
832606
830757
830783
830850
830898
831035
831091
831129
831146
831198
831259
831377
831501
831506
831768
831927
832069
832234
832522
832525
832543
832600
832639
832655
832746
832798
832885
832870
832907
832940
832944
832979
832991
832992
833149
833165
833170
833200
833200
833209
833246
833247
833252
833308
833330
833474
833497
833498
833513
833676
833691
833696
833676
833725
833730
845210
833757
833760
833767
833790
833802
833812
833813
833822
833866
833874
833881
833894
833907
833929
833980
834033
834034
834056
834082
834091
834104
834142
834161
834175
834189
834197
834210
834251
834271
833760
834305
834361
834379
834420
834503
834597
834628
834648
834653
834665
834690
834699
834716
834719
834784
834791
834794
834882
834903
834917
834924
834926
834941
834949
834998
835023
835024
835091
835098
835108
835114
835141
835171
835173
835193
835199
835202
835238
835306
835314
835328
835330
835332
835342
835451
835542
835716
835725
835757
835762
835777
835806
835846
835872
835885
835935
835936
835942
835968
835980
835995
835998
836007
836024
836031
836047
836076
836094
836095
836178
836280
836305
836408
836607
836610
836742
836783
836909
836926
837148
837324
837458
837461
837462
837592
837649
837658
837698
837709
837728
837758
837859
837893
837897
837917
837939
837947
837954
837963
838071
838073
838103
838105
838111
838124
838130
838139
838155
838156
838174
838191
838194
838197
838226
838252
838292
838312
838316
838340
838357
838366
838604
838257
838610
838648
838665
838761
838798
838863
838885
838618
838909
847028
838945
838967
839021
839039
839050
839103
839116
839119
839131
839206
839243
839244
839291
839301
839306
839306
839352
839403
839404
839687
839692
839718
839730
839814
839856
839878
838324
839917
839938
839982
840016
840061
840069
836696
840173
840179
840194
840268
840270
840279
840340
840346
840789
840362
840392
840396
840437
840458
840467
840562
840604
840614
840642
840018
840728
842862
840734
840753
840766
840775
840778
840793
840796
840796
840830
840831
840903
840908
840915
841245
841290
841314
841318
841302
841396
841491
841519
841575
841618
841623
841634
841710
841759
841759
841989
841999
842008
842012
842038
841759
844147
842118
842121
842163
842182
842183
842205
842242
842284
842307
842359
842411
842427
842466
842493
842524
842525
842545
842862
842927
842927
842969
842975
843032
843058
843072
843170
843254
843403
843408
843427
843573
843583
843588
843619
843643
843648
843659
843714
843771
843772
843798
843807
843870
847028
843973
844032
844048
844080
844135
844147
844152
844160
844177
844227
844251
844283
844292
844309
844310
844311
844361
844363
844447
844456
844464
844478
844483
844494
844514
844524
844540
844562
844568
844715
844785
845076
845093
845096
845121
845147
845148
845194
845210
845212
845245
845279
845315
845341
845372
845383
845438
845473
845485
845500
845506
845550
845553
845573
845576
845576
845610
845668
845675
845749
845749
845753
845763
845938
845860
845898
845976
845977
845978
846005
846009
846039
846039
845461
846052
846084
846095
846099
846105
846140
846186
846209
846241
846303
846341
846361
846370
846433
846447
846479
846494
846532
846533
846535
846556
846563
846564
846593
846597
846645
846647
846666
846685
846692
846770
846774
846775
846766
846804
846830
846693
846843
846846
846863
846864
846877
846913
846969
847022
847028
847069
847080
847087
847139
847143
846454
847209
847258
847341
847361
847385
847409
847438
847479
847648
847743
847763
847999
848024
848041
848054
848086
848098
848213
848245
848275
848279
848320
848400
848408
848459
848563
848567
848587
848667
848692
848702
848714
848778
848808
848816
848836
848836
848842
848842
848846
848858
848897
848910
848911
848926
848974
848988
849008
849028
849032
849045
849059
849094
849120
849141
849144
849167
849169
849180
849184
849185
849189
849191
849210
849217
849266
849282
849289
849290
849297
849304
849322
849335
849373
849451
849593
849598
849607
849628
849638
849674
849722
849733
849763
849780
849793
849819
849860
849891
849905
849922
849922
849922
849936
849977
849984
849998
850015
850016
850031
850043
850047
850051
850051
850072
850092
850108
850109
850142
850146
850178
850262
850263
850327
850328
850333
850350
850390
850406
850459
850491
850491
850533
850542
850553
850572
850577
850600
850607
850645
850645
850700
850701
850737
850897
851039
851041
851048
851050
851090
851124
851131
851133
851193
851198
851200
851261
851388
851389
851411
851517
851547
851562
851585
851611
851635
851704
851722
851806
851830
851859
851865
851868
851927
851960
851961
851966
851974
852069
852081
852152
852163
852173
852200
852212
852276
852276
852287
852289
852292
852299
852324
852416
852496
852583
852590
852625
852640
852612
852782
852790
852798
852861
852880
852947
852929
853026
853047
853059
853129
853130
853137
853140
853173
853184
853209
853248
853296
853310
853321
853345
853448
853460
853463
853470
853491
853504
853525
853566
853568
853592
853611
853696
853717
853696
853727
853760
853784
853802
853809
853857
853861
853917
853932
853939
853952
853975
853976
854026
854037
854044
854056
854065
854070
854098
854112
854123
854133
854149
854168
854169
854193
854195
854202
854218
854226
854380
854386
854396
854405
854405
854405
854440
854446
854484
854524
854532
854538
854540
854545
854550
854556
854589
854597
854666
854604
854660
854679
854714
854781
854785
854812
854850
854855
854860
854862
854898
854901
854912
854990
853727
855062
855062
855129
855170
855239
855245
855251
855256
855257
855260
855289
855306
855311
855319
855368
855372
855393
855406
855415
855429
855482
855506
855522
855548
855549
855555
855548
855603
855605
855671
855708
855711
855806
855808
855819
855869
855870
855878
856017
856024
856032
856073
856086
856103
856128
856157
856174
856175
856177
856193
856232
856263
856294
856298
856312
856323
856360
856411
856425
856435
856445
856494
856506
856544
856594
856652
856709
856710
856721
856733
856918
856928
856929
856962
857021
857104
857126
857144
857156
857172
857256
857262
857292
857293
857294
857295
857296
857297
857500
856540
857601
857634
857642
857699
857718
857722
857732
857742
857765
857790
857824
857825
857830
857883
857921
857924
857926
857946
857977
858150
858196
858218
858228
858230
858245
858246
858253
858315
858320
858332
858267
858337
858410
858416
858460
858463
858480
858483
858506
858575
858577
858659
858669
858709
858745
858841
858851
858855
858908
858938
858940
858950
859217
859242
859239
859273
859275
859343
859367
859403
859482
859499
859509
859516
859522
859569
859672
859843
859869
859887
859887
859897
860035
860050
860051
860047
860080
860165
860166
860167
860169
860193
860195
860198
860233
860243
860244
860272
860273
860275
860281
860282
860291
860293
860293
860293
860304
860293
860293
860293
860293
860293
860293
860293
860293
860293
860293
860293
860293
860293
860293
860293
860293
860413
860425
860426
860428
860436
860437
860449
860458
860460
860465
860465
860465
860465
860465
860465
860569
860569
860577
860577
860644
860644
860715
860715
860721
860721
860569
860820
860820
860863
860896
860904
860943
860953
860985
861045
861047
861053
861071
861279
861456
861462
861465
861480
861489
861492
861554
861564
861573
861651
861681
861722
861760
861772
861778
861810
861920
861922
861926
861935
861944
861947
861970
861975
862014
862020
862065
862332
862342
862345
862361
862378
862379
862380
862424
862444
862449
862468
862476
862620
862641
862677
862687
862695
862714
862726
862751
862831
862870
862877
862881
862886
862914
863008
863018
863022
863024
863041
863091
863096
863098
863148
863181
863413
863463
863480
863503
863534
858217
863478
863554
863478
863581
863582
863618
863647
863655
863667
863713
863739
863811
863815
863821
863901
863914
863924
863954
863962
863967
864156
864357
864375
864379
864386
864414
864495
864570
864581
864582
864597
864608
864612
861845
864736
864759
864765
864820
864926
864939
864993
865015
865027
865041
865069
865098
865123
865133
865175
865179
865245
865274
865308
865311
865348
865519
865567
865567
865611
865621
865653
865733
865816
865882
865883
865920
866026
866074
866095
866172
866189
866193
866250
866258
866327
866411
866415
866495
866606
866616
866639
866659
866667
866713
866735
866743
866804
866838
866873
866881
866885
866889
866912
866917
866982
866997
867001
867002
867003
867003
867003
867019
867019
867023
866958
867041
867340
867357
867368
867435
867441
867458
867460
867463
867470
867471
867482
867472
867488
867493
867512
867566
867570
867572
867583
867599
867612
867460
867625
867484
867633
867658
867663
867664
867667
867680
867692
867698
867701
867722
867763
867771
867783
867796
867823
867831
867850
867854
867857
867861
867864
867894
867933
867947
867967
867972
867994
868011
868012
867942
868014
868015
868016
868017
868022
868032
868035
868037
868038
868051
868052
868057
868067
868071
868077
868083
868085
868092
868096
868097
868104
868106
868110
868115
868118
868124
868126
868134
868154
868159
868169
868171
868174
868178
868181
868189
868193
868207
868214
868225
868226
868236
868283
868285
868297
868051
868327
868349
868356
868372
868379
868380
868382
868388
868403
868408
868416
868418
868441
868504
868529
868551
868558
868572
868572
868573
868575
868584
868611
868630
868632
868633
868651
868658
868661
868666
868667
868673
868679
868684
868685
868699
868691
868756
868706
868735
868662
868743
868744
868748
868749
868750
868756
868773
868775
868788
868793
868802
868835
868836
868837
868854
868859
868882
868889
868891
868899
868900
868909
868917
868918
868919
868934
868964
868967
868979
869015
869016
869027
869029
869035
868876
869045
869054
869065
869075
869081
869075
869086
869087
869088
869089
869095
869098
869107
869115
869122
869126
869128
869147
869150
869164
869169
869191
869192
869199
869075
869207
869208
869242
869246
869249
869255
869261
869266
869274
869282
869296
869297
869301
869336
869344
869345
869360
869366
869368
869388
865025
869401
869415
869416
869426
869427
869428
869433
869435
869345
869451
869456
869465
869470
869501
869961
869830
869859
869865
869880
869882
869890
869896
869907
869933
869935
869939
869970
869973
869980
869996
870003
870022
870024
870025
870028
870034
870036
870039
870056
870094
870105
870121
870123
870125
870126
870136
870141
870142
870198
870200
870210
870214
870218
870238
870245
870261
870270
870279
870291
870309
870312
870315
870317
870318
870319
870346
870368
870374
870378
870380
870412
870433
870441
870454
870455
870457
870459
870463
870464
870465
870478
870479
870485
870496
870506
870516
870526
870527
870529
870543
870547
870548
870556
870565
870567
870574
870585
870606
870608
870610
870611
870614
870619
870627
870631
870631
870656
870662
870663
870672
870679
870684
870697
870706
870727
870735
870729
870740
870746
870747
870768
870781
870785
870786
870788
870796
870814
870815
870847
870849
870855
870869
870872
870877
870881
870861
870903
870920
870928
870929
870930
870931
870933
870934
870935
870936
870937
870938
870954
870968
870972
870976
870977
870993
871004
871008
871016
871025
871028
871029
871032
871034
871037
871050
871051
871069
871079
871084
871089
871090
871105
871118
871121
871138
871140
871146
871153
871159
871165
871167
871208
871216
871245
871250
871251
871253
871254
871255
871256
871257
871265
871275
871279
871361
871368
871379
871385
871394
871412
871429
871443
871447
871460
871476
871482
871521
871538
871546
871550
871599
871606
871607
871622
871630
871649
871686
871716
871759
871761
871765
871769
871771
871775
871780
871813
871814
871823
871836
871909
871920
871947
871948
871953
871957
871958
871962
871964
871981
871988
871995
871997
871998
872003
872011
872012
872021
872023
872024
872081
872093
872098
872112
