846088
835760
835760
829705
829785
829791
829792
829798
829800
829804
829806
829807
829808
829809
829810
829811
829813
829815
829822
829823
829835
829837
829844
829845
829846
829847
829848
829852
829853
829854
829855
829859
829860
829862
829863
829865
829866
829874
829883
829884
829885
829886
829887
829888
829892
829896
829897
829898
829899
829900
829905
829906
829907
829911
829912
829917
829918
829919
829920
829921
829922
829923
829924
829929
829930
829931
829932
829933
829934
829943
829944
829947
829947
829956
829957
829958
829959
829960
829961
829962
829968
829970
829971
829972
835760
829974
829979
829983
829985
829986
829989
829990
830002
830006
830008
830009
830010
830011
830012
830016
830009
830018
830024
830025
830026
830027
830028
830029
830030
830031
830032
830044
830045
830046
830047
830057
830070
830071
830072
830073
830074
830075
830714
830082
830083
830084
830088
830094
830095
830096
830097
830101
830104
830110
830111
830113
830114
830115
830117
830126
830127
830128
830129
830130
830131
830133
830137
830141
830142
830143
830144
830152
830153
830154
830155
830156
830158
830159
830161
830162
830167
830169
830171
830172
830171
830180
830182
830182
830190
830191
830192
830198
830200
830067
830204
830205
830067
830207
830209
830212
830213
830214
830215
830216
830217
829823
830225
830226
830228
830232
830240
830241
830250
830251
830252
830254
830255
830256
830257
830258
830259
830260
830101
830266
830268
830271
830279
830282
830290
830291
830293
830298
830299
830300
830302
830307
830316
830317
830327
830328
830333
830336
830337
830341
830342
830344
830351
830353
830359
830362
830363
830367
830370
830376
830386
830387
830388
830388
830388
830392
830393
830388
830396
830405
830407
830408
830412
830413
830414
830415
830417
830418
830420
830421
830422
830423
830426
830430
830431
830433
830434
830436
830437
830438
830439
830441
830447
830448
830449
830450
830452
830460
830465
830466
830467
830474
830475
830478
830484
830487
830488
830492
830493
830499
830500
830501
830505
830506
830510
830511
830513
830520
830520
830527
830528
830529
830531
830532
830538
830539
830543
830544
830545
830547
830552
830556
830565
830568
830569
830574
830575
830577
830583
830587
830388
830590
830591
830388
830594
830598
830602
830603
830614
830616
830617
830618
830623
830627
830628
830634
830635
830650
830655
830656
830659
830660
830666
830667
830668
833178
830682
830683
830684
830686
830689
830690
830692
830693
830698
830702
830711
830712
830714
832606
832606
830738
830739
830740
830741
830743
830747
830757
830761
830762
830763
830764
830765
830771
830772
830775
830780
830783
830786
830787
830788
830789
830790
830797
830798
830799
830797
830805
830815
830816
830817
830818
830820
830827
830828
830830
830831
830832
830835
830837
830849
830850
830858
830859
830858
830867
830882
830898
830901
830918
831035
831039
831043
831044
831045
831046
831048
831049
831051
831052
831054
831055
831056
830867
831078
831083
831088
831090
831091
831094
831096
831099
831100
831108
831117
831119
831121
831122
831126
831129
831131
831133
831138
831143
831145
831146
831151
831153
831155
831158
831159
831160
830539
831166
831175
831177
831181
831191
831195
831197
831198
831202
831202
831203
831204
831209
831211
831214
831215
831216
831219
831223
831224
831234
831241
831247
831248
831249
831251
831252
831257
831258
831259
831260
831261
831262
831263
831265
831266
831280
831292
831293
831303
831304
831314
831315
830171
831328
831337
831338
831341
831342
831345
831348
831347
831348
831350
831355
831357
831365
831366
831374
831377
831380
831381
830299
831387
831387
834012
831396
831404
831421
831433
831439
831440
831450
831452
831455
831457
830171
830171
830171
830171
830171
831493
831501
831506
831153
830299
830299
831544
831584
831595
831599
831599
831765
831768
831769
831789
831794
831796
831153
831798
831799
831811
831814
831811
831823
831828
831830
831863
831876
831880
831890
831927
831971
831980
831987
832069
832107
832115
832117
832119
832120
832120
832126
832128
832129
830520
832140
832141
832143
832146
832146
832150
832151
832157
832163
832164
832165
832166
832167
832168
832169
832170
832168
832175
832178
832181
832184
832186
832187
832187
832192
832194
832196
832200
832201
832203
832205
832210
832211
832212
832216
832218
832221
832228
832234
832238
832246
832251
832258
832259
832260
832262
832263
832271
832285
832292
832766
832300
832315
832326
832328
832331
832335
832336
832349
832260
832354
830647
832381
830647
832408
832408
832425
832427
832522
832525
832543
832576
832580
832581
832583
832588
832594
832599
832600
832601
832607
832612
832613
832618
832626
832637
832638
832639
832643
832644
832645
832646
832645
832653
832655
832658
832659
832660
832663
832668
832669
832681
832683
832686
832690
832691
832696
832696
832706
832715
832716
832720
832725
832731
832732
832745
832746
832745
832425
832766
832767
832768
832769
832772
832767
832778
832793
832798
832801
832802
832824
832830
832832
832830
832843
832844
832853
832855
832766
832859
832863
832867
832868
832868
832867
832875
832877
832880
832883
832884
832885
832888
832870
832891
832897
832898
832901
832907
832911
832912
832913
832927
832933
832934
832938
832939
832940
832944
832950
832959
832960
832965
832967
832968
832969
832970
832979
832987
832988
832989
832990
832991
832992
832993
832994
832995
832993
833000
833001
833002
833003
833012
833016
833017
833018
833019
833020
833021
833022
833029
833030
833032
833033
833041
833045
833055
833056
833066
833079
832766
833087
833088
833093
833099
833102
833112
833113
833118
833119
833120
833122
830520
833124
833125
833130
833149
833162
833165
833170
833178
833183
833191
833200
833200
833207
833209
833226
833227
833228
833232
833233
833243
833226
833245
833246
833247
833252
833265
833271
833272
833273
833276
833277
833278
833279
833285
833286
833290
833291
833292
833296
833297
833298
833304
833305
832883
833308
833304
833313
833318
833319
833320
833319
833323
833324
833326
833332
833334
833334
833330
833344
833355
833356
833367
833474
833497
833498
833513
833670
833207
833675
833676
833691
833696
833697
833698
833676
833712
833724
833725
833730
833724
845210
830492
833740
833754
833757
833760
833763
833767
833769
833771
833778
833781
833783
833788
833790
833799
833800
833801
833802
833808
833812
833813
833817
833822
833823
833824
833828
833853
833866
833874
833877
833881
833883
833889
833894
833903
833907
833910
833921
833925
833929
833938
833947
833949
833950
833951
833964
833980
833986
834000
834011
834012
834013
834019
834033
834034
834040
834041
834042
833986
834056
834065
834066
834072
834073
834082
834091
834101
834104
834123
834125
834126
834126
834136
834138
834142
834149
834154
834157
834161
834175
835760
834179
835760
834186
834188
834189
834197
834199
834200
834206
834207
834210
834212
834214
834222
834227
834228
834240
835760
835760
834251
834260
834261
834271
834273
833760
834289
834290
834305
834312
834317
834322
834335
834338
834341
834351
834357
834360
834361
834370
834376
834379
834385
834397
830258
834412
834420
834496
834503
834597
834602
834605
834607
834617
834619
834628
834642
834648
834653
834661
834665
834668
834670
834671
834675
834677
834690
834697
834698
834699
834227
834711
834716
834719
834728
834736
834737
834751
834764
834767
834772
834773
834774
834775
834779
834782
834784
834788
834789
834791
834794
834826
834834
834840
834836
834837
834840
834847
834851
834852
834854
834856
834862
834866
834867
834870
834876
834880
834881
834882
834890
834900
834901
834903
834908
834909
834917
834918
834922
834924
834926
834938
834941
834947
834949
834953
834954
834959
834960
834961
834974
834983
834992
834993
834994
834998
835000
835001
835002
835005
835008
835014
835022
835023
835024
835028
835032
835037
835057
835058
835070
835072
835073
835086
835091
835095
835097
835098
834227
835102
835108
834227
835114
835118
835119
835129
835130
835137
835137
835141
835149
835150
835154
835160
835162
835170
835171
835173
835186
835193
835195
835199
835200
835201
835202
835210
835229
835233
835234
835238
835246
835254
835270
835288
835301
835306
835310
835312
835314
835312
835318
835324
835325
835326
835328
835329
835330
835331
835332
835341
835342
835359
835360
835359
835364
835368
835372
835376
835377
835378
835379
835380
835381
835382
835383
835384
835386
835384
835397
835364
835407
835408
835451
835457
835459
835542
835658
835660
835661
835662
835667
835676
835682
835684
835685
835690
835694
835695
835696
835711
835716
835719
835725
835735
835736
835743
838200
835748
835753
835754
835757
835760
835762
835766
835775
835777
835785
835341
835789
835793
835312
835800
835801
835806
835812
835813
835816
835820
835821
835822
835823
835824
835825
835826
835827
835828
835831
835832
835833
835834
835840
835842
835843
835844
835845
835846
835851
835854
835861
835862
835864
835872
835875
835878
835881
835882
835883
835885
835887
835896
835903
835925
835914
835915
835916
835917
835918
835919
835920
835921
835922
835923
835925
835929
835934
835935
835936
835937
835937
835939
835942
835945
835956
835957
835958
835959
835968
835312
835977
835980
835312
835987
835989
835993
835994
835995
835998
836002
836007
836024
836027
832939
836029
836031
836035
836045
836046
836047
836063
836064
836065
836065
836070
836071
836072
836073
836074
836076
836079
836088
836089
836090
836090
836093
836094
836095
836101
836105
836117
836120
836131
836135
836136
836137
836138
836142
836143
836169
836170
836177
836178
836184
836185
836191
836193
836194
836199
836199
836210
836211
836216
836219
835341
836238
836246
836253
836254
836255
836253
836262
836262
836266
836267
836268
836269
836270
836276
836277
836278
836279
836280
836289
836290
836291
836292
836296
836297
836305
836316
836318
836320
836322
836333
836341
836342
836343
836344
836345
836346
836349
836367
836377
836408
836432
836433
836434
836435
836437
836438
836439
836441
836442
836443
836444
836445
836446
836447
836448
836449
836450
836451
836452
836466
836467
836468
836469
836470
836471
836472
836473
836474
836475
836476
836477
836478
836486
836487
836492
836494
836495
836498
836499
836500
836501
836503
836504
836505
836506
836532
836546
836550
836558
836559
836561
836567
836568
836578
836579
836580
836581
836582
836604
836607
836610
836612
836613
836615
836627
836633
836634
836635
836636
836641
836642
836655
836687
836691
836693
836703
836705
836742
836746
836783
836909
836926
836931
836948
836951
836955
836988
836988
837024
837037
837062
837112
837148
837174
837180
837210
837219
837324
837458
837461
837462
837525
837533
837539
837540
837541
837542
837543
837544
837545
837546
837547
837568
837569
837578
836170
837586
837592
837602
837603
837611
837636
837637
837642
837649
837650
837651
837658
837664
837665
837666
837667
837668
837669
837670
837671
837672
837673
837674
837675
837676
837677
837687
837688
837689
837690
837691
837692
837698
837709
837727
837728
837751
837758
837764
837765
837768
837773
837774
837782
837793
837808
837809
837820
837828
837832
837833
837839
837849
837850
837859
837877
837883
837884
837888
837893
837897
837905
837906
837917
837922
837924
837925
837926
837927
837932
837938
837939
837944
837946
837947
837949
837952
837954
837959
837963
837959
837966
837978
837983
837989
837992
837996
837998
838022
838012
838017
838022
838028
838034
838040
838044
830258
830258
838058
838064
838065
838066
838069
838071
838073
838077
838078
838085
838096
838103
838105
847117
838111
838114
838115
838116
838124
838126
838130
838137
838139
838153
838154
838155
838156
838154
838171
838172
838173
838174
838191
838194
838197
838200
838219
838223
838226
838250
833298
838252
838253
838255
838268
838269
838291
838292
838300
838301
838302
838303
838304
838312
838315
838316
832939
838327
838336
838340
838354
838357
838366
838377
838421
838565
838578
838579
838582
838597
838602
838604
838257
838610
838619
838630
838631
838635
838638
838644
838648
838653
838662
838665
838740
838748
838749
838759
838761
838778
838780
838798
838800
838822
838836
838852
838852
838858
838859
838860
838863
838867
838885
838892
838618
838901
838909
838911
847117
847028
838927
838928
838935
838945
838950
838967
838974
838986
838987
838988
839021
839026
839034
839039
839044
839050
839059
839059
839059
839059
839066
839066
839066
839066
839082
839094
836211
839099
839103
839105
839106
839110
839116
839119
839125
839130
839131
839142
839154
839161
839162
839164
839176
839177
839182
839185
839191
839206
839209
839214
839217
839219
839220
839229
839230
839237
839241
839243
839244
839247
839255
839271
839271
839277
839288
839290
839291
839299
839300
839301
839306
839306
839314
839315
839319
839323
839329
839340
839344
839352
839360
839361
839382
838354
839403
839404
839458
830258
839687
839692
839694
839707
839711
839718
839730
839741
839742
839748
839768
839781
839787
839788
839789
839797
839806
839807
839814
839816
839817
839821
839825
839817
839828
839829
839842
839843
839844
839845
839856
839859
839860
839861
839866
839874
839876
839877
839878
839885
839902
839912
838324
839917
839919
839923
839924
839925
839932
839936
839938
839947
839949
839950
839955
839956
839957
839967
839968
839975
839982
839995
839996
840016
840047
840056
840057
840061
840069
840078
840079
840092
840092
840140
840150
840155
840156
836696
840171
840173
840177
840179
840185
840194
840200
840229
840238
840242
840263
840264
840265
840268
840270
840273
840278
840279
840290
840302
840307
840312
840313
840314
840322
840339
840340
840346
840789
840362
840375
840379
840386
840392
840396
840415
847117
840415
840433
840434
840437
840440
840444
840458
840467
840562
840587
840604
840605
840613
840614
840634
840638
840642
840018
840679
840699
840700
840707
840713
840728
842862
840734
840735
840741
840743
840753
840755
840766
840775
840778
840780
840793
840796
840796
840800
840801
840807
840817
840827
840828
840830
840831
840840
840841
840841
840852
840861
840862
840866
840873
840874
840880
840881
840883
840884
840885
840886
840903
840908
840915
840928
840929
841235
841245
841255
841255
841268
841275
841281
841283
841287
841290
841295
840666
841312
841313
841314
841318
841323
841333
841335
841338
841350
841374
841302
841382
841396
841424
841431
841432
841433
841434
841435
841454
841455
841456
841457
841458
841491
841497
841519
841526
841543
841558
841575
841584
841592
841618
841621
841621
841623
841634
841639
841647
841654
841655
841667
841668
841669
841670
841671
841672
841673
841674
841675
841676
841677
841678
841679
841680
841681
841682
841683
841684
841685
841686
841687
841688
841689
841690
841691
841692
841693
841694
841695
841696
841697
841698
841699
841700
841701
841702
841705
841706
841707
841708
841710
841719
841728
841742
841761
841761
841759
841759
841989
841999
842008
842011
842012
842015
842024
842024
842035
842038
841759
842063
842072
842079
842080
842081
842092
842098
842101
842102
842105
844147
842116
842117
842118
842121
842152
842160
842163
842160
842172
842182
842183
842187
842188
842189
842199
842201
842205
842209
842210
842238
842242
842253
842254
842261
842271
842273
842281
842282
842284
842296
842299
842307
842323
842327
842328
842329
842333
842346
842359
842374
842375
842378
842379
842397
842406
842411
842416
842421
842422
842423
842427
842434
842448
842454
842458
842462
842466
842467
842471
842488
842493
842495
842514
842524
842525
842530
842545
842555
842597
842600
842605
842606
842607
842613
842623
842627
847117
842629
842643
842651
842655
842661
842671
842672
842727
842786
842829
842832
842842
842844
842848
842855
842862
842872
842881
842881
842888
842900
842901
842903
842906
842908
842917
842918
842919
842927
842927
842933
842938
842940
842954
842963
842964
842963
842969
842975
842985
842995
842996
843000
843009
843027
843032
843058
843059
843072
843170
843207
843208
843224
843254
843403
843407
843408
843414
843419
843427
843439
843440
843446
843467
843471
843472
843482
843489
843505
843511
843512
843521
843528
843533
843538
843539
843538
843549
843550
843554
843562
843564
843568
843570
843573
843578
843579
843583
843588
843593
843603
843619
843620
843624
843636
843641
843643
843648
843649
843659
843662
843664
843672
843676
843687
843695
843703
843714
843724
843725
843726
843733
843748
843755
843765
843771
843772
843777
843785
843789
843794
843797
843798
843801
843804
843804
843807
843824
843826
843832
843838
843846
843848
843857
843858
843870
843875
843878
847028
843896
843897
843898
843899
843900
843901
843902
843906
843907
843909
843910
843911
843912
843913
843926
843935
843949
843973
844032
844048
844053
844055
844080
844081
844084
834338
844092
844094
844102
844123
844124
844124
844133
844134
844135
844147
844152
844158
844160
844165
844170
844174
844174
844177
844180
844181
844186
844187
844195
844207
844212
844213
844223
844227
844231
844232
844235
844239
844244
844251
844283
844284
844284
844288
844292
844307
844309
844310
844311
844316
844324
844326
842906
844338
844346
844347
844347
844349
844346
844357
844361
844363
844368
844369
844370
844369
844402
844413
844418
844429
844432
844444
844447
844455
844455
844456
844460
844464
844467
844468
844338
844478
844483
844489
844494
844506
844513
844514
844515
844519
844524
844531
844536
844540
844557
844559
844562
844563
844568
844583
844585
844599
844601
844603
844637
844640
844715
839361
844785
845073
845076
845093
845096
845105
845120
845121
845147
845148
845168
845194
845204
845210
845212
845222
845228
845229
845245
845258
845127
845279
845287
845295
845315
845320
845327
845333
845334
845341
845355
845358
845371
845372
845377
845383
845402
845403
845405
845438
845446
845469
845473
845479
845482
845485
845487
845493
845498
845500
845505
845506
845507
845508
845515
845534
845535
845542
845550
845553
845555
845555
845566
845573
845574
845576
845576
845580
846306
845584
845588
845589
845596
846195
845609
845610
845614
845626
845630
845631
845641
845665
845667
845668
845669
845675
845696
845700
845702
845708
845709
845710
845711
845712
845713
845714
845715
845749
845749
845752
845753
845752
845763
845938
845860
845873
845877
845884
845898
845901
845918
845919
845923
845934
845935
845950
845950
845960
845961
845971
845976
845977
845978
845982
845983
845222
846005
846009
846012
846017
846022
846023
846024
846025
846026
846028
846029
846032
834338
846037
846038
846039
846039
845461
846052
846195
846195
846058
846071
846075
846084
846087
846090
846094
846095
846099
846105
846107
846109
846122
846129
846133
846138
846140
846169
846170
846172
846169
846185
846186
846189
846190
846195
846206
846209
846213
846213
846219
846223
846228
846239
846241
846245
846247
846249
846253
846254
846263
846264
846291
846298
846303
846306
846307
846320
846341
846377
846350
846355
846361
846369
846370
846373
846374
846386
846389
846392
846396
846401
846402
846404
846415
846419
846420
846433
846443
846446
846447
846449
846450
846457
846469
846479
846494
846532
846533
846535
846556
846558
846563
846564
846574
846575
846578
846591
846592
846593
846597
846599
846599
846602
846602
846607
846611
846616
846618
846623
846627
846632
846643
846644
846645
846647
846658
846664
846666
846672
846677
846681
846683
846685
846691
846692
846695
846697
846714
846721
846722
846723
846724
846732
846737
846744
846750
846755
846761
846764
846770
846774
846775
846787
846766
846797
846801
846804
846809
846810
846813
846818
846829
846830
846837
846838
846693
846843
846846
846859
846863
846864
846876
846877
846886
846887
846889
846893
846894
846895
846908
846911
846913
846928
846934
846939
846954
846957
846961
846969
846973
846987
846992
846995
847001
847007
847007
847012
847018
847022
847027
847028
847041
847049
847062
847062
847065
847069
846829
847080
847087
847091
847092
847098
847108
847109
847110
847117
847120
847349
847129
847137
847138
847139
847141
847143
847155
847156
847157
847163
847171
846454
847193
847209
847253
847258
847281
847281
847283
847283
847289
847291
847307
847308
847326
847331
847339
847341
847349
847354
847352
847355
847354
847355
847357
847361
847368
847372
847377
847381
847382
847385
847397
847404
847409
847416
847417
847433
847437
847438
847450
847452
847460
847470
847479
847481
847488
847520
847648
847698
847716
847743
847749
847752
847753
847753
847763
847770
847779
847784
847836
847854
847973
847980
847985
847986
847990
847990
847998
847999
848007
848023
848024
848040
848041
848051
848054
848068
848086
848090
848098
848115
848120
848138
848138
848180
848181
848195
848199
848200
848212
848213
848219
848225
848225
848245
848259
848271
848275
848277
848279
848283
848287
848287
848291
848291
848295
848297
848298
848304
848305
848305
848319
848320
848327
848342
848346
848351
848356
848357
848365
848374
848394
848400
848404
848405
848408
848430
848431
848437
848438
848443
848444
848447
848459
848465
848468
848482
848501
848515
848519
848536
848537
848538
848551
848552
848552
848552
848552
848559
848563
848567
848578
848579
848587
848590
848594
848667
848671
848673
848687
848692
848702
848708
848709
848710
848714
848723
848725
848726
848734
848739
848778
848789
848801
848802
848808
848811
848812
848816
848828
848829
848836
848836
848842
848842
848846
848850
848848
848849
848850
848858
848861
848874
848876
848885
848886
848887
848892
848897
848910
848911
848921
848922
848922
848926
848929
848937
848941
848955
848958
848960
848966
848967
848974
848988
849008
849019
849028
849029
849030
849031
849032
849045
849052
849056
849059
849066
849066
849068
849072
849082
849083
849084
849088
849090
849091
849092
849093
849094
849098
849099
849120
849127
849132
849133
849141
849144
849163
849164
849167
849168
849169
849175
849176
849180
849184
849185
849187
849189
849193
849194
849197
849191
849210
849215
849217
849232
849238
849244
849266
849275
849277
849282
849289
849290
849295
849297
849301
849304
849311
849312
849313
849321
849322
849327
849327
849332
849334
849335
849337
849341
849342
849351
849359
849373
849376
849391
849394
849395
849396
849400
849412
849451
849457
849458
849459
849460
849461
849462
849463
849464
849475
849476
849477
849478
849479
849480
849481
849482
849508
849509
849510
849511
849512
849513
849514
849515
849533
849574
849593
849598
849607
849628
849638
849674
849677
849722
849733
849752
849763
849772
849780
849793
849815
849819
849839
849857
849858
849860
849870
849875
849882
849883
849886
849891
849905
849913
849914
849922
849922
849922
849936
849937
849961
849963
849977
849984
849986
849987
849998
850015
850016
850031
850043
850047
850050
850051
850051
850072
850085
850092
850108
850109
850110
850120
850141
850142
850146
850149
850156
850157
850157
850157
850157
850174
850178
850186
850188
850204
850205
850206
850229
850240
850250
850256
850260
850262
850263
850264
850265
850266
850267
850268
850269
850270
850271
850240
850301
850306
850313
850318
850321
850327
850328
850333
850334
850336
850347
850350
850347
850363
850367
850368
850376
850377
850378
850382
850383
850385
850390
850398
850406
850415
850419
850420
850428
850429
850459
850491
850491
850533
850542
850553
850572
850576
850577
850591
850600
850607
850612
850645
850627
850645
850700
850701
850717
850736
850737
850757
850761
850763
850773
850774
845641
850808
850809
850837
850844
850867
850889
850896
850897
851108
850917
850921
850925
850947
850949
850950
850964
850970
850971
850985
850988
850993
851021
851028
851036
851039
851041
851048
851050
851066
851067
851076
851077
851078
851079
851080
851083
851085
851090
851094
851095
851096
851097
851108
851109
851114
851115
851116
851124
851131
851132
851133
851135
851136
851143
851149
851150
851153
851160
851132
851182
851193
851198
851200
851206
851209
851210
851221
850336
851250
851261
851262
851263
847433
851268
847433
851277
851295
851298
851306
851375
851376
851377
851378
851388
851389
851398
851399
851411
845641
851418
851435
851438
851454
851465
851472
851479
851495
851500
851502
851507
851517
851519
851526
851541
851545
851547
851549
851554
851562
851573
851579
851580
851585
851586
851587
851599
851611
851616
851619
851631
851635
851638
851644
851658
851672
851673
851677
851678
851683
851684
851692
851701
851702
851704
851711
851722
851730
851734
851750
851764
851783
851796
851797
851804
851806
851821
851830
851833
851842
851843
851844
851842
851855
851859
851865
851868
851878
851884
851885
851891
851921
851922
851927
851933
851942
851951
851952
851957
851960
851961
851966
851974
851999
852003
852012
852020
852041
852050
852052
852069
852081
852143
852152
852156
852163
852166
852167
852173
852188
852196
852200
852201
852204
852212
852226
852229
852230
852235
852236
852254
852276
852276
852283
852287
852289
852292
852295
852299
852311
852316
852319
852324
852328
852329
852340
852343
852416
852496
852522
852539
852545
852546
852583
852590
852625
852640
852655
852756
852763
852772
852772
852612
852782
852786
852790
852798
852802
852803
852810
852819
852820
852821
852821
852832
852835
852836
852837
852857
852861
852877
852878
852880
852901
852911
852912
852913
852916
852922
852927
852947
852956
852961
852929
852961
852971
852978
852979
852986
852987
852988
852991
852993
852994
852995
853000
853002
853013
853015
853021
853026
853037
853042
853042
853045
853047
853056
853063
853064
853065
853059
853087
853088
853097
853098
853105
853106
853108
853113
853119
853127
853129
853130
853134
853135
853137
853134
853135
853140
853148
853152
853153
853153
853161
853167
853173
853184
853202
851821
853209
853234
853248
853251
853252
853254
853260
853267
853268
853273
853275
853277
853278
853282
853283
853284
853285
853288
853295
853296
853304
853310
853321
853328
853329
853334
853345
853448
853460
853463
853470
853477
853487
853491
853501
853504
853507
853521
853525
853530
853536
853541
853543
853544
853555
853560
853566
853568
853578
853589
853592
853597
853598
853611
853615
853646
853647
853651
853673
853690
853696
853701
853709
853717
853696
853723
853724
853727
853740
853747
853760
853767
853777
853783
853784
853786
853794
853796
853802
853809
853816
853828
853849
853853
853857
853861
853862
853863
853867
853871
853872
853876
851821
853898
853899
853900
853901
853907
853917
853932
853935
853939
853948
853949
853952
853956
853960
853961
853962
853975
853976
853979
853980
853983
853987
853988
853987
853991
853992
854000
854011
854014
854015
854015
854022
854023
854024
854026
854036
854037
854040
854041
854044
854056
850347
854064
854065
854069
854070
854072
854073
854074
854082
854097
854098
854100
854104
854107
854111
854112
854113
854114
854122
854123
854133
854139
854149
852295
854152
854156
854158
854168
854169
854171
853740
854190
854193
854195
854200
854201
854202
854208
854208
854216
854218
854219
854220
854226
854230
854238
854242
854243
854246
854249
854250
854267
854282
854287
854380
854386
854396
854405
854405
854405
854418
854427
854428
854440
854441
854446
854454
854462
854484
854487
854501
854524
854526
854529
854532
854536
854526
854538
854540
854545
854550
854556
854561
854564
854573
854581
854589
854597
854666
854604
854610
854626
854629
854629
854634
854638
854648
854656
854657
854658
854659
854660
854676
854679
854699
854704
854714
854731
854737
854738
854739
854740
854742
854743
854744
854746
854781
854783
854785
854812
854843
854816
854818
854825
854827
854828
854840
854841
854843
854850
854853
854855
854860
854862
854866
854871
854876
854880
854886
854896
854898
854901
854903
854908
854912
854913
854914
854950
854969
854970
854971
854972
854978
854979
854982
854990
854993
854997
855008
855009
855010
855024
855025
853727
855046
855057
855062
855062
855075
855085
855085
855095
855095
855129
855170
855211
855214
855215
855232
855237
855239
855242
855245
855251
855255
855256
855257
855260
855262
855289
855306
855311
855319
855322
855325
855330
855347
855348
855354
855358
855368
855372
855383
855384
855393
852003
855406
855415
855418
855427
855429
852988
852003
855438
855439
855446
855438
855478
855479
855482
855485
864419
855494
855494
855500
855506
855509
855522
855530
855535
855546
855547
855548
855549
855555
855557
855558
855561
855558
855548
855569
852003
852003
855576
855582
855583
855590
855603
855605
855611
855612
855643
855644
855652
855654
855659
855671
855684
855685
855692
855693
855697
855698
855708
855710
855711
855717
855731
855733
855740
855747
855754
855758
855763
855768
855782
855806
855808
855819
855829
855869
855870
855878
856016
856017
856018
856019
856023
856024
856023
856029
856029
855569
856037
856038
856032
856062
856062
856070
856073
856084
856085
856086
856103
856105
856109
856109
856116
856117
856128
856139
856156
856157
856174
856175
856177
856180
856181
856182
856191
856193
856218
856226
856227
856232
856248
856263
856267
856266
856277
856283
856290
856294
856297
856298
856301
856310
856312
856323
856336
856343
856360
856366
856369
856371
856372
856376
856377
856378
856379
856380
856381
856382
856383
856384
856385
856409
856410
856411
856412
856423
856424
856425
856429
856430
856435
856445
856455
856469
856492
856494
856505
856506
856513
856531
856537
856538
856544
856565
856566
856581
856587
856594
856599
856600
856601
856602
856603
856604
856605
856607
856610
856614
856629
856641
856643
856652
856661
856371
856709
856710
856711
856718
856719
856721
856730
856733
856750
856752
856757
856760
856776
856782
856786
856786
856794
856796
856796
856812
856817
856822
856828
856831
856831
856838
856848
856853
856874
856876
856266
856266
856886
856266
856890
856266
856266
856903
856913
856918
856922
856928
856929
856931
856935
856961
856962
856966
856989
856995
856996
856961
857021
857104
857126
857144
856961
857148
857156
857172
857181
857181
857190
857200
857220
857221
857233
857236
857256
857260
857262
857272
857292
857293
857294
857295
857296
857297
856831
857472
857472
857479
857479
857497
857500
857502
855243
857517
857523
857529
857530
857531
857532
857542
857543
857545
857550
857558
857559
857560
857564
857565
857573
857577
856540
857601
857605
857608
857618
857633
857634
857642
857650
857650
857667
857699
857704
857710
857713
857718
857722
857724
857727
857732
857742
857748
857752
857756
857765
857766
857779
857786
857788
857790
857792
857795
857806
857807
857815
857821
857822
857824
857825
857830
857839
857842
857845
857839
857862
857871
857880
857883
857888
857897
857899
857900
857901
857904
857907
857915
857920
857921
857924
857926
857927
857929
857930
857935
857946
857964
857975
857976
857977
858150
858152
858185
858196
858201
858218
858223
858228
858230
858240
858245
858246
858253
858263
858264
858274
858288
858296
858315
858319
858320
858327
858332
858267
858337
858343
858344
858354
858365
858366
858374
858375
858396
858408
858409
858410
858416
858419
858429
858432
858433
858435
858445
858457
858458
858459
858460
858463
858480
858482
858483
858498
858506
858510
858511
858516
858529
858531
858534
858540
858542
858554
858559
858560
858561
858562
858575
858577
858594
858625
858654
858659
858663
858667
858669
858673
858686
858707
858709
858723
858724
858730
858744
858745
858744
858753
858754
858755
858756
858757
858758
858759
858760
858761
858762
858763
858764
858765
858766
858767
858768
858769
858784
858788
858791
858801
858812
858818
858827
858835
858841
858842
858847
858848
858849
858851
858855
858863
858864
858877
858881
858882
858889
858903
858908
858921
858931
858938
858940
858950
859217
859242
859239
859262
859263
859272
859273
859275
859276
859282
859285
859290
859291
859292
859323
859343
859345
859356
859367
859379
859400
859401
859402
859403
859405
859419
859427
859434
859456
859457
859461
859462
859469
859470
859471
859478
859482
859485
859486
859485
859496
859499
859501
859505
859509
859510
859511
859513
859514
859515
859516
859519
859522
859524
859525
859529
859530
859532
859533
859534
859533
859539
859540
859546
859548
859549
859553
859555
859563
859567
859555
859569
859580
859589
859594
859601
859607
859611
859612
859619
859626
859632
859645
859663
859664
859670
859672
859677
859679
859682
859696
859697
859698
859699
859701
859717
859718
859719
859719
859734
859719
859736
859719
859742
859743
859744
859745
859750
859751
859752
859762
859763
859770
859771
859781
859801
859805
859807
859814
859819
859828
859831
859836
859837
859841
859842
859843
859845
859854
859860
859867
859868
859869
859871
859876
859880
859887
859887
859893
859894
859897
859899
860009
860012
860013
860017
860019
860035
860036
860044
860045
860049
860050
860051
860057
860066
860071
860047
860080
860086
860087
860089
860097
860102
860104
860107
860108
860110
860112
860113
860114
860115
860116
860117
860118
860118
860120
860120
860122
860122
860124
860125
860125
860131
860131
860131
860131
860131
860131
860155
860165
860166
860167
860169
860172
860173
860192
860193
860195
860198
860240
860242
860214
860233
860237
860238
860239
860241
860243
860244
860259
860260
860272
860273
860275
860278
860281
860282
860291
860293
860294
860295
860293
860293
860304
860305
860305
860293
860293
860317
860318
860293
860293
860305
860305
860293
860293
860345
860347
860293
860293
860305
860305
860293
860293
860293
860293
860305
860305
860293
860293
860404
860405
860293
860293
860413
860305
860305
860425
860426
860428
860436
860437
860449
860458
860460
860465
860465
860810
860465
860465
860465
860465
860569
860569
860577
860577
860581
860644
860644
860646
860646
860653
860653
860670
860670
860691
860691
860715
860715
860721
860721
860779
860569
860810
860810
860820
860820
860842
860843
860856
860863
860865
860878
860884
860894
860896
860904
860905
860906
860909
860912
860913
860933
860943
860948
860949
860953
860983
860984
860985
860988
860995
861001
861007
861009
861013
861017
861018
861019
861023
861034
861041
861042
861044
861045
861047
861050
861053
861054
861062
861066
861070
861071
861266
861268
861274
861275
861279
861292
861303
861304
861318
861334
861266
861346
861352
861353
861373
861375
861376
861395
861396
861400
861406
861413
861414
861415
861416
861419
861420
861422
861427
861438
861449
861450
861456
861459
861462
861465
861467
861473
861480
861486
861489
861492
861502
861531
861538
861551
861552
861554
861564
861565
861569
861570
861571
861572
861573
861583
861596
861598
861266
861623
861624
861624
861635
861651
861658
861664
861681
861686
861688
861689
861692
861697
861699
861700
861716
861717
861722
861725
861732
861735
861735
861735
861742
861748
861757
861760
861757
861763
861765
861766
861767
861768
861772
861773
861778
861780
861784
861788
861791
861798
861801
861810
861823
861824
861825
861826
861841
861903
861906
861907
861909
861913
861920
861922
861924
861926
861933
861935
861936
861944
861947
861950
861952
861953
861954
861961
861967
861970
861973
861975
861976
861980
862004
862014
862018
862020
862022
862026
862029
862031
862033
862051
862052
862059
862060
862065
862066
862075
862076
862080
862089
862102
862109
862112
862332
862342
862345
862361
862378
862379
862380
862424
862435
862444
862449
862468
862476
865529
862620
862624
862624
862636
862641
862660
862665
862672
862677
862679
862687
862695
860036
862702
863486
862704
862711
862714
862718
862724
862726
862736
862737
862750
862751
862761
862762
862775
862786
862787
862799
862800
862801
862807
862828
862831
862834
862835
862836
862837
862850
862856
862856
862865
862870
862873
862877
862880
862881
862884
862886
862890
862892
862902
862905
862911
862912
862914
862926
862927
862928
862934
862940
862955
862957
862964
862986
863176
862991
862996
862997
863008
863011
863018
863020
863021
863022
863024
863026
863027
863041
863045
863046
863049
863050
863053
863057
863058
863059
863063
863064
863065
863067
863073
863077
863078
863091
863093
863096
863098
863100
863102
863108
863115
863120
863120
863124
863124
863146
863148
863150
863151
863152
863153
863156
863157
863158
863159
863166
863168
863181
863391
863392
863413
863432
863451
863452
863463
863480
863485
863490
863491
863494
863495
863503
863513
863514
863519
863525
863528
863534
858217
863478
863554
863559
863563
863564
863478
863563
863580
863581
863582
863599
863607
863609
863618
863625
863635
863641
863647
863648
863654
863655
863657
863658
863659
863659
863667
863672
863673
863676
863682
863684
863695
863698
863701
863712
863713
863719
863720
863719
863723
863738
863739
863743
863744
863745
863747
863747
863757
863762
863772
863773
863782
863783
863580
863796
863799
863807
863811
863815
863821
863828
863832
863845
863846
863847
863851
863852
863867
863876
863881
860295
860295
863899
863901
863905
863912
863913
863914
863917
863922
863924
863926
862029
863935
863944
863945
863954
863962
863967
864067
864068
864079
864079
864096
863701
864108
864110
864130
864139
864144
864147
864156
864159
864160
864208
864209
865529
864251
864260
864269
864289
864290
864311
864320
864321
864327
864328
864341
864352
864353
864357
864358
864359
864375
864379
864386
864391
864406
864410
864412
864414
864419
864444
864445
864455
864468
864469
864476
864479
864483
864484
864485
864486
864487
864488
864493
864494
864495
864497
864500
864501
864509
864526
864520
864521
864526
864527
864530
864533
864541
864468
864548
864557
864570
864581
864582
864584
864579
864597
864579
864608
864611
864612
864629
864629
864631
861845
864640
864648
864658
864659
864660
864663
864664
864674
864680
864683
862029
864690
864694
864694
864694
864697
864702
864705
864736
864759
864765
864817
864818
864820
864821
864818
864824
864825
864825
864837
864844
864845
864849
864858
864859
864866
866421
864886
864896
864898
864896
864896
864904
864896
864908
864911
864122
864914
864916
864926
864931
864939
864955
864957
864966
864967
864973
864976
864983
864991
864992
864993
865002
865014
865015
865026
865027
865041
865050
865069
865074
865092
865093
865098
865107
865110
865123
865133
865135
865136
865137
865138
865139
865140
865141
865143
865145
865146
865147
864122
865155
865163
865164
865170
865174
865175
865176
865178
865179
865183
865191
865192
865193
865212
865229
865229
865230
865239
865244
865245
865247
865270
865216
865216
865274
865216
865216
865216
865216
865280
865284
865285
865286
865287
865288
865289
865292
865294
865296
865297
865304
865308
865311
865314
865320
865321
865330
865344
865348
865371
865379
865384
865392
865192
865422
865519
865529
865529
865537
865557
865567
865567
865574
865583
865611
865614
865618
865621
865625
865642
865641
865642
865651
865652
865653
865662
865674
865675
865680
865681
865682
865686
865687
865688
865689
865695
865701
865706
865707
865715
865723
865724
865725
865730
865731
865733
865743
865744
865748
865771
865778
865783
865791
865792
865793
865794
865799
865803
865804
865806
865810
865803
865816
865835
865836
865837
865845
865868
865871
865871
865877
865882
865883
865891
865902
865902
865907
865917
865920
865926
865933
865936
865940
865946
865953
865965
865966
865968
865969
865992
865993
865995
866000
866004
866009
866010
866011
866012
866016
866019
866020
866026
866033
866035
866040
866041
866042
866046
866052
866053
866074
866076
866086
866089
866090
866095
866098
866135
866136
866142
866146
866149
866160
866171
866172
866176
866179
866183
866188
866189
866193
866197
866199
866202
866203
866204
866098
866227
866234
866240
866242
866243
866250
866255
866256
866258
866272
866277
866290
866325
866327
866411
866415
866416
866416
866419
866421
866422
866424
866428
866464
866480
866489
866495
866567
866568
866570
866575
866576
866577
866595
866600
866601
866606
866608
866609
866608
866616
866621
866633
866639
866647
866650
866659
866660
866667
866668
866679
866680
866679
864557
866687
866690
866693
866697
866698
866703
866711
866713
866715
866726
866735
866738
866739
866742
866743
866755
866761
866739
866766
866769
866770
866787
866787
866792
866803
866804
866805
866814
866825
866833
866838
866841
866650
866846
866846
866864
866865
866867
866871
866873
866874
866878
866881
866885
866888
866889
866896
866906
866911
866912
866911
866915
866917
866878
866878
866935
866938
866939
866940
866941
866948
866956
866961
866962
866963
866964
866965
866966
866967
866968
866972
866978
866979
866982
866987
866991
866997
867001
867002
867003
867003
867007
867003
867019
867019
867023
866958
867041
867331
867333
867334
867340
867357
867368
867396
867403
867435
867441
867443
867444
867458
867460
867463
867470
867471
867482
867472
867488
867490
867493
867496
867497
867506
867508
867512
867514
867516
867514
867526
867527
867532
867533
867543
867549
867548
867549
867551
867564
867565
867566
867567
867570
867572
867574
867576
867583
867584
867590
867595
867599
867603
867612
867620
867460
867625
867626
867626
867484
867633
867638
867647
867652
867653
867658
867663
867664
867665
867667
867680
867686
867692
867698
867701
867712
867722
867744
867753
867763
867771
867783
867793
867796
867797
867798
867804
867805
867806
867814
867818
867823
867824
867827
867831
867845
867846
867847
867849
867850
867854
867857
867861
867864
867878
867885
867894
867897
867900
867903
867918
867931
867933
867947
867967
867972
867994
868011
868012
867942
868014
868015
868016
868017
868018
868018
868022
868032
868033
868035
868036
868037
868038
868051
868052
868054
868057
868058
868059
868065
868067
868071
868073
868077
868083
868085
868089
868089
868092
868093
868094
868096
868097
868104
868106
868109
868110
868114
868115
868114
868118
868121
868124
868126
868131
868134
868147
868152
868154
868159
868169
868171
868174
868176
868178
868181
868189
868191
868193
868202
868207
868214
868223
868225
868226
868227
868236
868238
868245
868249
868250
868261
868270
868274
868283
868285
868288
868289
868288
868296
868297
868303
868308
868051
868311
868312
868313
868320
868321
868324
868327
868349
868353
868356
868359
868372
868374
868379
868380
868382
868386
868387
868388
868393
868398
868403
868405
868408
868416
868418
868441
868453
868504
868529
868542
868542
868545
868545
868551
868558
868572
868572
868573
868575
868577
868584
868598
868598
868611
868617
868630
868632
868633
868645
868646
868647
868649
868651
868656
868658
868661
868664
868666
868667
868673
868679
868680
868682
868684
868685
868690
868693
868699
868691
868756
868706
868710
868713
868716
868723
868725
868729
868731
868734
868735
868662
868743
868744
868748
868749
868750
868751
868753
868756
868762
868767
868772
868773
868775
868786
868788
868789
868791
868793
868802
868808
868809
868810
868811
868818
868818
868832
868835
868836
868837
868839
868840
868844
868853
868854
868853
868857
868859
868860
868863
868868
868869
868870
868871
868882
868889
868891
868896
868897
868898
868899
868900
868901
868903
868904
868905
868904
868904
868909
868910
868912
868917
868918
868919
868928
868934
868964
868967
868971
868973
868974
868979
868986
869004
869013
869015
869016
869018
869019
869027
869029
869034
869035
868876
869045
869049
869054
869060
869060
869065
869061
869067
869075
869076
869081
869075
869086
869087
869088
869089
869095
869098
869101
869104
869107
869115
869122
869126
869128
869130
869136
869137
869140
869142
869147
869150
869164
869169
869186
869191
869192
869199
869202
869075
869206
869207
869208
869215
869229
869234
869235
869242
869245
869246
869249
869255
869260
869261
869266
869274
869275
869282
869285
869288
869296
869297
869301
869328
869336
869344
869345
869351
869360
869365
869366
869368
869372
869386
869388
869389
865025
869401
869406
869406
869406
869406
869406
869415
869416
869406
869406
869406
869406
869426
869427
869428
869406
869406
869433
869435
869437
869447
869449
869449
869345
869451
869456
869459
869465
869470
869473
869501
869507
869961
869518
869830
869859
869865
869880
869882
869886
869888
869890
869896
869904
869907
869912
869912
869918
869920
869924
869925
869928
869929
869931
869932
869933
869935
869939
869940
869958
869959
869966
869966
869970
869973
869976
869978
869980
869985
869996
870003
870008
870009
870011
868564
870019
870022
870023
870024
870025
870028
870032
870034
870036
870038
870038
870039
870054
870056
870069
870085
870094
870105
870107
870120
870121
870123
870125
870126
870135
870136
870141
870142
870198
870200
870210
870214
870218
870238
870240
870245
870247
870254
870258
870261
870263
870270
870279
870291
870309
870312
870315
870317
870318
870319
870320
870325
870331
870336
870342
870346
870348
870368
870374
870378
870380
870390
870390
870401
870401
870412
870431
870433
870434
870441
870454
870455
870457
870459
870463
870464
870465
870478
870479
870485
870496
870504
870506
870516
870526
870527
870529
870532
870535
870543
870547
870548
870556
870561
870565
870567
870574
870584
870585
870592
870592
870594
870596
870606
870608
870610
870611
870614
870619
870627
870631
870631
870633
870644
870648
870649
870656
870660
870662
870663
870669
870672
870674
870669
870679
870684
870685
870693
870697
870702
870702
870706
870710
870712
870713
870715
870717
870725
870727
870735
870729
870739
870740
870745
870746
870747
870752
870754
870761
870768
870771
870781
870785
870786
870788
870790
870794
870790
870796
870806
870814
870815
870818
870847
870849
870855
870857
870754
870869
870872
870877
870881
870861
870885
870887
870903
870920
870928
870929
870930
870931
870933
870934
870935
870936
870937
870938
870954
870962
870968
870972
870976
870977
870993
871004
871008
871016
871025
871028
871029
871032
871033
871034
871037
871041
871042
871050
871051
871057
871063
871065
871066
871069
871074
871079
871082
871084
871089
871090
871096
871096
871099
871105
871115
871117
871118
871121
871134
871137
871138
871140
871143
871146
871153
871159
871165
871167
871195
871208
871212
871216
871245
871250
871251
871253
871254
871255
871256
871257
871265
871275
871279
871307
871307
871312
871361
871368
871378
871379
871381
871385
871389
871393
871394
871396
871404
871412
871416
871429
871437
871443
871447
871449
871460
871476
871482
871521
871537
871538
871546
871550
871552
871559
871562
871571
871575
871587
871592
871597
871599
871606
871607
871622
871623
871625
871630
871638
871649
871651
871660
871661
871663
871668
871681
871686
871715
871716
871731
871759
871761
871765
871769
871771
871774
871775
871780
871783
871798
871799
871805
871807
871813
871814
871817
871823
871824
871828
871830
871836
871840
871850
871859
871860
871909
871920
871947
871948
871953
871957
871958
871962
871964
871981
871987
871988
871995
871997
871998
872003
872011
872012
872021
872023
872024
872029
872029
872081
872093
872095
872097
872098
872101
872107
872112
872117
872118
